# oST version 5.0 parameters


[image]

width
640

height
360

[narrow_stereo]

camera matrix
387.969286 0.000000 330.955432
0.000000 390.857621 176.480914
0.000000 0.000000 1.000000

distortion
0.147622 -0.198939 -0.009281 0.009981 0.000000

rectification
1.000000 0.000000 0.000000
0.000000 1.000000 0.000000
0.000000 0.000000 1.000000

projection
388.471741 0.000000 342.128471 0.000000
0.000000 403.791412 172.961850 0.000000
0.000000 0.000000 1.000000 0.000000
